-0.006962962826574544 -0.06542274897418095
1.25443999533119 0.5988652960610741
3.5665895690676535 1.837433792420595
3.8713727925934616 2.9057432627126323
2.2369746266315773 3.198306111376822
1.0480901521170414 3.0087075756801465
0.6987730154906342 2.8524864160499757
0.7834620130081593 2.8838567844773486
1.1625078854665445 3.1156555391122733
1.6291694544576065 3.4346138810241253
1.4284057052696648 3.766471408861374
0.5660680104988944 4.039063958846473
-0.2238491143785033 4.107244099258187
-0.5605158158438955 4.153536216558134
-0.2108376722344869 4.2796995135130995
0.5443871587826795 4.7376197115089695
0.7201989203089293 5.370844741347703
0.4945557684048076 6.0681128921888
0.13732221704729658 6.60052983915627
0.06063680080923156 6.997202859920174
0.5092708954377064 7.578387132683053
1.1146030495247643 8.326377514069533
1.6790967081324168 9.60495784387924
1.9814868442508053 11.00869540163359
1.192052572209523 11.80735669887858
1.1080835882426607 11.339202917248704
0.8070073192630565 10.804708432127045
2.656828647050356 12.325233301129776
1.868742276992181 15.076960968433266
0.5113052629057634 16.141976009600018
-0.2629014422370932 15.68512845412755
-0.38306851138635856 15.474218964396787
-0.09018163552363107 16.757634170989245
5.606237538182601 19.610469732524923
5.57028954128528 21.456293709459796
2.9572142273523987 21.152485873947985
2.9055340820805977 20.446993128844003
3.955738595081339 21.503338556824833
9.523238031895886 23.51731285324384
8.631861223541907 24.497448069501832
7.461645144934445 24.77267035186998
7.559718147473705 24.659701421390675
7.722103038674303 25.10008957690081
8.992830770555376 26.298895148391576
9.023463121713355 26.984664650263905
7.774557752541134 26.75656721049616
7.122854821285819 26.62773594563531
7.150959799857335 26.988214098185683
7.000660432298942 27.344797706772095
6.9103383553635025 27.494398010433482
6.780530128082739 27.586791498913012
6.782977679324206 27.75683666418171
6.8348607735591935 28.201403132389284
6.6494614645635055 28.56411206579364
6.337027395020226 28.680102275741614
6.496664429919188 28.89810656579078
6.7939976400115745 29.29417300755237
6.859680206768965 29.717804255544518
6.407096389636705 29.920632519051257
5.896682811552632 30.02878351941092
5.847139194575893 30.359296957194577
6.046233102975509 30.84725072995207
6.160764814373331 31.34577911585303
6.232875895562901 31.828499153594404
6.382668519999293 32.51980341259427
6.359700348677904 33.45581891821705
5.800596802314215 34.265064434356674
5.07143400140841 34.75664265179971
5.230530710059967 35.37981873303137
5.892806989036003 36.22499402162802
6.128070407465347 37.09776599821025
5.563194882485752 37.72827837946228
4.822214049792678 38.0237781947005
4.888200991517524 38.34717308334196
5.566413998824937 38.90238639758732
5.845649666875274 39.3934555466287
5.842604142391235 39.70654589718107
6.0340675477862655 40.03990451390948
6.394678854901751 40.54767181147304
6.4086873429714 40.998335664044475
6.045870145301035 41.401450915432065
5.711500777066975 41.82776916657653
5.6764889656957624 42.36290495012172
5.634954999344547 42.847948078232534
5.604566515465395 43.24019750900827
5.930819510064735 43.618291587685476
6.471667149826596 44.040795963394984
6.585535490831287 44.413524267378065
6.295651722929366 44.58556140871532
6.188919988656332 44.72565928734818
6.825042017371983 45.031940953356184
7.49026281723798 45.48893030605434
7.531458876395428 45.81461468503352
7.094238784196001 45.99008953510655
6.960031530291227 46.24665742417366
6.892469293527888 46.53890270578766
6.478095674627006 46.69670562360824
6.2174100020490535 46.80075407925975
6.455559508223828 47.0943756122455
6.589558000277613 47.338814342747696
6.706498940743392 47.61485546136289
6.82085803353813 47.955146982153266
6.972027614926375 48.357300049361996
7.176342086810994 48.852692115173696
7.465745087445276 49.60045966320146
7.546014019150945 50.302420769766954
7.3774609306823145 50.785823685713666
7.225628231453806 51.175047393414744
7.4464061890830315 51.62568240004431
7.516912890460874 52.04136307369092
7.324177936192211 52.304626008045915
7.218587900323568 52.453768807252516
7.195749285490773 52.53967756499998
7.265349495760823 52.60209398980004
7.341092087863913 52.70737062908603
7.2715830016293115 52.80366970564232
7.049363493876498 52.882410939962355
6.741354277225737 52.95330980892135
6.741354277225737 52.95330980892135
6.656008161635711 53.08634228510657
6.628730572839123 53.18593825920982
6.674738712247239 53.2454616603395
6.7498949603037115 53.310137040141626
6.721778326535803 53.309034488703986
6.674069820143011 53.39067441533933
6.78911659702529 53.59406563423802
6.901094813868712 53.78282293893021
7.153471286435867 54.262389821389874
7.302044804781961 55.003406579459195
7.225658411019348 55.493861369670185
7.201228680757687 55.91642819598685
7.176595635622784 56.2292799481701
7.391338992884217 56.620251281667436
7.402672587277394 56.93026141440143
7.450227157655297 57.294702683572766
7.470485110780016 57.62870024805477
7.391673000157006 57.90444878443289
7.439679435912041 58.28116267435708
7.255791898442476 58.42590098857937
7.1904659670365305 58.43678010130408
7.339219516179318 58.609003478475614
7.349045817279725 58.69938723418973
7.204821056092175 58.686070945632494
7.048707634776958 58.78893006961444
6.839146457335739 58.87704102042865
6.590551278878479 58.97567009876374
6.493580148392708 59.10389926287151
6.51679815988153 59.224050138871064
6.477473318306904 59.33410106943248
6.3936674395252755 59.44366344331996
6.336015645192415 59.59216034950347
6.321822738145867 59.89561257268535
6.171884997338813 60.15947474247872
5.990832576720178 60.26116686788616
6.084987841797828 60.47577285194542
6.301581125954387 60.822913116662846
6.445650683342528 61.07466538942195
6.587544932892319 61.27544830375432
6.734296893044988 61.536126023296106
6.706618437976221 61.76151319846265
6.743265821145949 61.88297077080588
6.935459707459847 62.08817375620018
6.92416072358407 62.20386993459593
6.926270141693751 62.17532098166147
7.13514314142069 62.22042562726878
7.1398114234369405 62.29097734654347
6.982911778807997 62.277419303040986
6.506453682878751 62.208111685976576
6.1291008924094825 62.12524497399646
6.171420858728556 62.064268544965586
6.2074270180672855 62.06083441912254
6.282870897658972 62.09859066767555
6.3743806848706 62.18867091544159
6.533040311129081 62.310298956914096
6.561119048929491 62.43169954266108
6.512921150737769 62.402774604360914
6.815722991924469 62.503323002472996
6.943140857808999 62.59583376712119
6.776274120562562 62.51187232370155
6.562859814182602 62.393069008972645
6.568461142447086 62.42980973254832
6.448620770691409 62.4132571240209
6.555478726850065 62.535096569643855
6.970368429359285 63.075370296988766
7.399442132054444 63.85875143745008
7.657860552307362 64.38763882191876
7.347955013072758 64.63535191936552
7.320842430817807 65.03011450967517
8.119971163846799 65.60399177847233
8.54464547742646 66.06924990270255
8.878430473449132 66.56847521646236
9.079372118191774 66.9860214645694
9.15472329329469 67.41189649948248
9.07879905739279 67.63734595636251
8.717167768586052 67.71351902134444
8.401744627390922 67.86025275963627
8.32281246951954 68.02838189569721
8.235466536446687 68.10425747682811
8.144335706597971 68.24026817417288
8.098459319005123 68.44159130261247
8.02675643809059 68.62277905889604
7.8005791024099125 68.70646250665894
7.646021650530971 68.68729835192602
7.565601788448777 68.60446496674078
7.656876835298993 68.68721479161175
7.690152738286784 68.8240077443939
7.612711101959402 68.84202777730115
7.4979016526951625 68.845800396116
7.438613388539512 68.85966516789506
7.481099610579182 68.87273680160925
7.536432415084969 68.84036905179153
7.608594902029619 68.9213631207333
7.712316850754151 69.08885741149228
7.7330591998361005 69.26232375334513
7.786938488850014 69.45685132781233
7.837137503136669 69.74806922070795
7.901639813435198 70.0922589495805
7.87991863143125 70.40481995797208
7.743558943757765 70.62123135470466
7.486208730096893 70.70824138576157
7.488992407573546 70.70114636927863
7.653138310304495 70.73081933701269
7.93668050915991 70.8218559402257
8.155483056431859 70.89900676742766
8.238079727193483 71.00297809633543
8.113079526928423 71.12299726730893
8.041151259358962 71.2355089473885
8.037059653986457 71.43677758658853
8.07035794335146 71.77699789612467
8.154251653396887 72.0877641081124
8.3666586259028 72.35399487956707
8.456455943424569 72.58151005700284
8.521327400514686 72.77051800848935
8.618414910305443 72.87316949538419
8.62295096902417 72.83232836440973
8.612197741259848 72.62947694978536
8.61080102929655 72.40782005052012
8.760716429813634 72.2406282663633
8.77919562276119 72.14612071381242
8.671151808784252 72.16398496533236
8.541267114215007 72.32815898928737
8.598079399364465 72.60888564881083
9.04466021286435 73.16309479088667
10.287882798138273 73.90153737898828
11.477930351550796 74.85013179827752
12.048173284340379 74.68668926953256
8.084678828659712 72.63306410731983
9.423177226197122 72.31865891213823
11.572309261987119 72.34150611329085
11.635047946345697 72.31262702897641
11.15383544537007 72.40843467499599
11.196555331380615 72.51155784388334
11.472083664058779 72.54848759918553
11.532642263300367 72.48879520132797
11.404283118819137 72.46083301530811
11.501210253373944 72.49796018890339
11.512356019857624 72.4996251615157
11.476728680563038 72.49591213079381
11.499533783360565 72.45521066766597
11.59867008337531 72.38908791729523
11.77189549400438 72.318099746087
11.936607888982458 72.26594324318393
12.215140275955687 72.21322480321086
12.509387962439064 72.19682145825129
12.720390149463288 72.25078433853614
12.874265688015793 72.37472840005327
12.978418307997178 72.47549500557778
13.121167284066065 72.56032776131354
13.311537085344423 72.62432693324351
13.588141469095323 72.71772748621808
13.91338778217316 72.85189624850531
14.081229880475266 72.95301460329011
14.295785904881981 73.00557362015743
14.637161383267177 73.03332702849829
14.675199490830494 72.99653867796556
14.85688398914304 73.03636194305156
14.827098585050315 73.04309053820037
14.650790030999403 73.02720596464428
14.886672528582714 73.15206324244815
15.296918646121085 73.26787343526831
15.468427062377462 73.32548291345262
15.652218200304727 73.35213226782344
15.70828588534458 73.31343561879811
15.513748502518553 73.31405881821141
15.482055004656623 73.47357922295478
15.308790794109065 73.6588199409826
14.600562948638956 73.68735377830589
14.505202703721679 73.84444296110178
14.91667097950059 74.11713371572
14.832678875549316 73.83207776032293
14.466844477234918 73.61825251860847
15.636873498803897 74.00371674965996
16.495609598587453 74.16565443172536
16.25689917482391 74.16114514722133
15.80717253335855 74.10307079596117
15.738828318958031 74.09949446957319
15.70931216278451 74.09272114194607
15.833155702206785 74.0929234173559
16.0473264708572 74.1308081444806
16.257282784523063 74.15857502740337
16.38292138845705 74.17827220257442
16.346488735298735 74.24357323847047
16.455224291914796 74.33041033826521
16.8693035278651 74.35293302358576
16.834769013749423 74.15090626680404
16.073241994595016 73.76117286516453
15.196311084550732 73.41521563822712
14.11240871113559 73.3165712793533
12.854489095219527 73.3239126546166
11.883635183299177 73.27266615603594
11.637789650484848 73.25621776523568
11.961241055818324 73.3031796601316
12.37643882679252 73.43838181317443
12.47144901022299 73.61270404614501
12.356780593343565 73.64109028979206
12.137312577639925 73.44680624712899
11.853444065311308 73.05658799556252
11.589470975428302 72.71940593341228
11.487606218115264 72.65029535118435
11.396860890371538 72.73005531853426
11.429887694523334 72.94290537655334
11.472647085905429 73.10023741518597
11.540764144419526 73.19099601001923
11.680352847531633 73.24652108005901
11.667816084374238 73.29641487162905
11.548859767007993 73.25954786714146
11.241633782133192 73.06331541560243
10.632414079371308 72.70962213349674
9.759022976031922 72.32484299092661
8.93894115787074 72.08209009373039
8.11536319271092 72.0439118244056
6.7798599652390426 71.85603753067988
4.894790459582827 71.26589518383426
3.4639773878958717 70.07564008293616
2.3985306072238988 68.42456054799234
1.6199128118530242 66.80077150682834
0.3606551082429994 65.33628265500221
-0.6885889832356753 64.00784242632082
-0.21134528281117973 63.30190782665072
0.9816453737517308 62.75815995378956
1.9253159060119458 61.844314278754226
3.502543801420016 61.14976679756565
4.417445252300873 60.453537696388864
4.719534127967845 59.872859676522566
4.919620055905024 59.39301461666261
5.628657761491939 59.081986169613884
7.2134621444174725 58.702611627009105
7.257102176373738 58.36065317810473
7.255596504385378 58.082342308551205
8.303998441673675 57.806107425528495
9.254780881417256 58.073562404158196
9.742679117842266 58.500514324523834
9.837908383640768 58.918126831984864
9.546375907614822 59.26795768785878
9.295392873674297 59.83269421972855
9.173083537897613 61.314825529665754
10.0383245419953 63.95985473970674
11.006628319475057 66.53343243310519
11.180718223641511 68.07115007542549
10.670393007260968 69.03201256211207
10.807583091573774 70.17206560120866
11.139469050500855 71.23913231394485
10.435969386612813 71.4016017719521
9.394484181460333 71.46163957348196
7.15039636498849 71.1176765846671
5.244797312966323 70.895135481994
4.134483482309776 70.86116496423273
3.825601642327779 70.98038030924627
3.3308412288038536 71.08620011800849
1.752500598763749 71.0548111577917
0.6795846378236255 71.16189044825947
0.529600770287319 71.27520157617903
0.4790304458196831 71.24837501538798
0.8338502135365269 71.24980308604856
1.4008320114975314 71.3085029085992
1.7441860505745994 71.35769375003278
1.447655439594319 71.34012477539747
1.3750478587968538 71.31834358378487
1.629083858444843 71.25004891882779
1.8285801060046756 71.14747029539888
1.939357400553621 71.12456522964635
2.0638052781002267 71.15441009678506
2.182769512217516 71.21669266965228
2.509726000288434 71.34892367738414
2.57041205138348 71.43518575722996
1.342868695692594 71.33239451743302
0.6189754811124919 71.14873244068457
0.17180062014486974 70.98315818831554
0.44980195772869047 71.01226195344924
0.6031835223694519 71.20371899749153
-0.16854818888202616 70.9184279419764
0.11486663874313724 70.82031175537719
1.1305904224603163 70.8029105079504
1.5204304479188355 70.86379070587137
1.4958410975565717 70.93056039285491
1.9901743200587587 71.06893604495914
2.7276953985343466 71.07678146359456
3.3767381618773475 71.1346512675677
3.9728119035697356 71.25688969770505
3.743655979329813 71.24105408701928
3.369647966671601 71.09957238710382
3.259274661576975 70.95312444200832
3.9589371311020516 70.86211586234441
4.75337863060382 70.69544115967261
5.058561545023282 70.57089403227445
5.730266204191934 70.50853327549592
6.105750651728212 70.37316120170797
5.909034046005604 70.25102900141405
5.838209772168793 70.17225847574736
5.978064195934789 69.97165195556695
6.415047298111499 69.83377830997944
6.905220934200738 69.80792630615903
6.4641956643543015 69.57190936812731
6.019369178251132 69.17050086798824
6.159238573298808 68.84601538732306
5.696716267401774 68.22037887653272
5.022178116812055 67.72334189530912
4.790122153412085 67.37681333043065
4.505971067939731 66.9021322474062
3.942341269401407 66.36368959946881
3.5870279980748636 65.82813615258266
3.3831311343054127 65.33037710611805
2.9984216338261307 64.69129429437245
1.5257686896334122 63.54902445153002
-0.17824448447139685 62.42449648101054
-0.44630120698752407 61.59300564877034
-0.0017764980281520515 60.84738456668874
0.5815247807999836 60.216955100108954
0.45470916762151703 59.69230321671203
0.00026821848433589146 59.27259122054242
-0.09401370223366547 58.87848837235649
0.13884600735656244 58.611883271644466
0.26870228000571944 58.35954696976831
0.2529930160384472 58.142164203408065
0.36842496828351573 58.02013885968231
0.3391550936128031 57.85640341770033
0.4438966885184688 57.696320214140464
0.5295139995605165 57.5474866413223
0.5071091238009713 57.326607142616034
0.5345413716251468 57.0900443273358
0.4230974239312689 56.78708049590029
0.3943588338009857 56.449197363787796
0.466748664752875 56.12518169165582
0.3635694916153387 55.80872757102235
0.3188302854025905 55.55188758599454
0.09233156770155299 55.284045056453756
-0.01839853987581694 55.01364125958194
-0.12479920361930055 54.72923177075415
-0.14789330702180767 54.46247104645513
-0.14923586258517088 54.21706980635931
0.22532796870334273 54.00672210354572
0.18800330933816675 53.768041546198866
-0.04306737128322638 53.62451253240943
-0.10132768282786339 53.382702464243884
0.3554931514106042 53.257574793885034
0.288887565276722 52.96332874275267
0.33771330431851865 52.692211537275305
0.548994223686467 52.38813808968769
0.42196086066242466 52.02747233816874
0.7107365828838691 51.814534303664296
0.8868750443628227 51.56333550719118
1.1483708182381167 51.25765274798224
1.181763909297176 50.92235571716861
1.1922100231092876 50.555955355938416
0.9946899847311174 50.23564272610279
0.78539115332036 49.90137908604475
0.7807825852243803 49.636788278646954
0.6327052437838049 49.41532228309497
0.570310115067112 49.193135358240546
0.7589949808953282 48.94926450161912
0.8915071275609165 48.6879558908548
1.1038157352749214 48.45938158330218
1.1653577360869174 48.20849513077133
1.3585031032514685 47.84736948080414
1.5980130404868893 47.419911793573355
1.6741485136708474 46.95431030687849
1.5868155407785607 46.56714921859355
1.4512507419402039 46.26817825047633
1.281927976041652 45.954224800725605
1.2444126875820052 45.72811947528606
1.1737589766191943 45.530400981048
1.2109115838205695 45.35885329767151
1.202682081917399 45.27072095369076
1.1475919980561007 45.242719166501395
1.1642110613241643 45.218007723367116
1.1391069653766244 45.19090583456374
1.1596873043631426 45.11204153520783
1.2074022683647465 45.01955039900124
1.1348654680246444 44.84449376214631
0.9264022849593455 44.704818087079936
0.8032674907147869 44.59603175510171
0.6198665467152651 44.499200785092675
0.336279441276331 44.36817318381983
0.13058538000913955 44.20799322250635
0.08595896077707643 44.05561315207428
0.20969013126492647 43.81219542337474
0.2585317631903842 43.52729885072613
0.20994718695997527 43.22455112537596
0.2457509346504103 42.935387275370324
0.25036889216039576 42.59813797443912
0.17272951180836676 42.29520426258747
0.2225712624040994 42.01826634633979
0.12440837122899445 41.68170031425165
0.12417223209851289 41.43005034718447
0.09739587985386838 41.2176335233247
0.22136851956201253 41.00709962866231
0.3502711693109837 40.78507845944484
0.3578120350116393 40.56889765380358
0.39808118658091074 40.37299522862815
0.44894582986702625 40.214172199969376
0.349364084935618 39.981487528892536
0.2568377637372441 39.768309788792756
0.19281094821275047 39.537937993141675
0.07597828684421187 39.33819395896645
0.05494607547978727 39.175675838394476
0.030750132775890813 39.0096946197042
-0.05045087819600769 38.859820211400184
-0.1721415933929044 38.76688828354107
-0.14138729821045865 38.651472137372785
-0.0300701491727578 38.45759911812407
0.013678178142162323 38.26074046767665
0.002430719530524184 38.03686286381278
0.01346949705010884 37.78163410440941
0.04743371768373491 37.54306899498237
0.02208744468757457 37.291657468784756
-0.03313624295793683 37.0962330957094
-0.15583789852260663 36.8671597247537
-0.21997309253995467 36.65466397215349
-0.2142733943120067 36.4858177123243
-0.22769097930581816 36.295766462060676
-0.28803242637734217 36.1314494329848
-0.3375816075356767 35.97771210262575
-0.3829551630218283 35.79907217074231
-0.3909454673467031 35.55672083763064
-0.3815993214257706 35.30524008357255
-0.4570466594392192 35.13284050378406
-0.4765833541031006 34.95928810361874
-0.4163916492422468 34.87820230436569
-0.3050539849109447 34.76071879688421
-0.20437849898834548 34.636130720001496
-0.2022153986336523 34.529993137926716
-0.23883219953642054 34.400285618387194
-0.23224429181080952 34.27948230160731
-0.24817409804203366 34.19637642652504
-0.4106527248845849 34.07987239861877
-0.5456893843274201 34.02796931406761
-0.6940207035677658 33.93622844510332
-0.8116460416594585 33.89900529754984
-0.7639997025641906 33.8843004831298
-0.702141844941007 33.8051335748743
-0.6197054266609026 33.731987668726966
-0.6106590982919238 33.645353902552095
-0.5874537194666212 33.59133993073616
-0.5838040694212896 33.50273288698941
-0.5635278919593523 33.36683326891515
-0.5565307735733824 33.23775140642886
-0.6086777932232803 33.106925908530506
-0.7602721671187809 32.9857182333669
-0.8393413844424844 32.883750607172225
-0.8804032787585971 32.81129953027445
-0.9264734802070886 32.70863587192304
-1.124229870646561 32.610279544873116
-1.3398969103015015 32.56292126174187
-1.4433458724584425 32.492851683259396
-1.4315669757571257 32.41262235088512
-1.2088992929794038 32.3633772863895
-1.0719717788025058 32.30134209668713
-1.028493978294277 32.24495260138706
-1.1448586077588392 32.15054851174043
-1.2692191456648831 32.07065564968382
-1.3574828538843595 32.017969046316715
-1.4869046559441454 31.954848168459016
-1.5986773270660382 31.885470540841105
-1.6424847334507375 31.835303426525186
-1.681478123073643 31.79598803844611
-1.7285104917024836 31.754703770588847
-1.8173165795449786 31.75513713937451
-1.8194903105273874 31.71159355410085
-1.7722067399238348 31.64200739393418
-1.7349752888607264 31.58021145387417
-1.6876093597726514 31.516697117972015
-1.6470186625898027 31.45801610600848
-1.6813632682351023 31.38580505205053
-1.7106197873392164 31.32301578992086
-1.746181802691532 31.243773013263464
-1.7730237051413877 31.138297688303375
-1.962475815652967 31.027753892534946
-2.1023414128852265 30.967995806090585
-2.084632619329109 30.92546846256412
-2.074073625441333 30.868457579792846
-2.0864775181577624 30.82776819248825
-2.0666535386379836 30.76259358693646
-2.046618590724658 30.70276738587404
-2.1100601566564583 30.648945324067775
-2.1861124571770896 30.589776941379185
-2.256621550261899 30.53250848611181
-2.3728469096378113 30.475674001083675
-2.4795259062211343 30.382772063236295
-2.552052266361599 30.295585846172457
-2.6348322578250967 30.208868956226233
-2.785220913823493 30.105110931603555
-2.871141445786037 30.038296828031164
-2.931891918146853 29.974196010445986
-2.8990346654668153 29.9138471462216
-2.9103408175894385 29.869295642888694
-3.0507971091297907 29.75475218080601
-2.982643915742111 29.666941708626204
-2.938546535277773 29.59120443972474
-3.0502585121511556 29.456018542986634
-3.11007260808878 29.350691519295253
-3.077403198090038 29.208149179365357
-3.1432923928452583 29.06214499076537
-3.177760450248151 28.94009298217634
-3.249438466416521 28.797574797051873
-3.3100467457362095 28.683157232092
-3.303355677668506 28.53528346799616
-3.2328007630051463 28.39757516086089
-3.0877762406187097 28.229285591967027
-2.9551845825659084 28.05679045556957
-2.923103545707116 27.85338031511747
-2.868125646582441 27.64528996362411
-2.7628585220151 27.37612730665073
-2.6551138656742355 27.154440327955434
-2.6129812712985814 26.79374855120203
-2.614787905240532 26.418676188483545
-2.6087210970767476 26.025836256258884
-2.5437611938088045 25.634723231250064
-2.66668179290739 25.30523343971096
-2.8133911824743194 25.038272769410675
-2.9160636365147683 24.78968718962917
-2.87924970557159 24.5152247955616
-2.926833782555236 24.259615067770937
-3.0601110126640227 23.980581558152288
-3.011962579108416 23.662212991982685
-2.763407265865652 23.338586476988745
-2.677214616698956 22.925202987869113
-2.7244205912907073 22.39100763893112
-2.5467517850547132 21.82627169285815
-2.411910455465704 21.16720206369682
-2.202802866149943 20.567768295092243
-2.1777631562021735 19.947412365955344
-2.074858198033482 19.33161744982184
-1.92709288962159 18.72284840973893
-1.7410539946514498 18.163822245805605
-1.655838412313553 17.504547686997554
-1.722180111558966 16.781830609462695
-1.795916784423534 16.086096615161104
-1.799924450900457 15.265774741664384
-1.5904685076666543 14.348798514705113
-1.4661473538304322 13.52397831433705
-1.2338833250940457 12.744500803909084
-1.1393256382355512 11.978103281299155
-1.273197085692482 11.26003286313584
-1.0881042788208426 10.45275641461576
-0.7826181043232177 9.346161119166887
-1.169565806117355 9.210479939338036
-2.598047702860043 9.084176091377863
-3.339670276972448 8.83606633645547
-3.280107927868325 8.688015877373022
-2.6384666022330867 8.612964503581
-1.5867314797222776 8.705332018861956
-1.1842675983709559 8.707810543176794
-1.1318340643204647 8.78282097342267
-1.2726065261469037 8.829124335710091
-1.0502256354270252 8.626510446359323
-0.699432725141802 8.522037553226482
