-0.002968913326467093 -0.004128455999185992
0.1824650578282817 -0.009768000968237886
0.0993912507518665 -0.05670105555843633
0.32360666222751017 0.0003512729495005751
0.21439394813306817 -0.05053777082550594
0.18728126035674458 -0.10312715093966873
0.25161652373694676 -0.024297111491662478
0.1753345436284509 -0.015534292398481649
0.15213975169403848 -0.05065456881485686
0.26297794330292856 0.006060204181325364
0.17188757454669967 -0.020927522793640116
0.1150757196116331 -0.0718474640983267
0.3266743820938767 -0.025131011845506063
0.24233038796469092 -0.05403479851555784
0.23735758739753648 -0.10741793883078157
0.2743872803763248 -0.03915080589153643
0.21460984342092398 -0.03939656111359944
0.23242119134380151 -0.07596784944967384
0.2744659924776311 0.017815528931424532
0.21142488822913125 -0.034862468494156855
0.15544415419852958 -0.0738521411048316
0.23799767788312098 -0.019140913093592712
0.22541136370255044 -0.05691641933104681
0.15725767728156304 -0.1138883876260141
0.2552973505092219 -0.08741523769922889
1.1649396989678293 -0.5048554467781613
1.1316955024000093 -0.5756828129526198
2.0306545295713136 -0.8859551174360003
1.9373370696905652 -0.8990003486188167
2.537540583259211 -1.2433245650352125
2.5872734780190894 -1.313020833656753
2.470250229886657 -1.1224481746978807
2.19644860835731 -1.0057538588622361
2.3422058313146663 -1.0085126619972467
2.2957256714529612 -1.0377119849338967
2.230889729258893 -1.1781578729963968
2.181102883203026 -1.1767528978885722
1.9557795706805747 -1.0216721906852995
1.463564844256897 -1.332695352541917
1.4014141410295948 -1.4091499959963032
1.3357147084225376 -1.516284738546786
1.6067446356592912 -1.5950454082208487
2.1519202131687365 -1.9123080303487028
2.133573806083634 -2.0049269428595258
2.033347463510392 -2.0667346304433725
2.083171747101847 -2.251895584224946
2.2585100167168912 -2.376716055007095
2.5447704693691833 -2.2078989399767224
2.609212460818002 -2.17531527686444
2.732380017571895 -1.9958658792095056
2.70130094638664 -1.9619092926984723
2.56710342264582 -2.080167297519639
2.022002566332934 -1.7531058587038286
1.8217886525535203 -1.5989380896315364
1.840332484737576 -1.4901759051616859
1.4682237574832357 -1.3552000051358948
1.290942022113172 -1.3495439592878458
1.26458567741255 -1.3482735980325193
1.3354144592903956 -1.339301994209686
1.413203993801324 -1.325543569770606
1.4841981933935573 -1.2907028828738256
1.4691964676964102 -1.1927399309757156
1.494614948500188 -1.161961468450397
1.5082483103069424 -1.1584855646583168
1.408082597505318 -1.129638146515307
1.1573172300021 -1.0610939507012733
0.8926599571689784 -1.0323090498576244
0.8246133314103066 -1.0399143565857805
0.6221148484586054 -0.9916556798186239
0.2801542580573565 -0.892292965331709
0.3141447843206384 -0.8655882612706857
0.3615789367484359 -0.8357811347124146
0.41422639040900433 -0.7955675407167098
0.47203128455845345 -0.7767995344509309
0.48212920984101737 -0.7679453209135594
0.47032916245648426 -0.7778765583395602
0.4343815815061216 -0.8071298880339026
0.3982986267944353 -0.8402976992221487
0.3548040945325007 -0.8671931559257153
0.32995633795074264 -0.885569020109382
0.3298540843856552 -0.8861837376073469
0.3512088086884402 -0.8749859853460318
0.40159816278666205 -0.8547264881022447
0.4450551389552466 -0.8324843672441387
0.48781999244176244 -0.8105598958418576
0.5127153516348395 -0.8024313501819709
0.5038882319759954 -0.8051733832762014
0.4809555556240446 -0.8226931868201615
0.4521276246075542 -0.8427248165349135
0.4213686406250091 -0.863075129595152
0.4009716317690294 -0.8761000715504923
0.39582667491155166 -0.8762791973152324
0.41457253064939426 -0.8697710897024047
0.4395798743281045 -0.8555765556866255
0.4702894848471231 -0.8393167482160464
0.49585475217032005 -0.8287371831163057
0.5100412070028839 -0.8200031110623092
0.5072660536623432 -0.823597121808261
0.4903288867563397 -0.8336347009191889
0.46275044100431906 -0.8482781358071405
0.43927479681909887 -0.8583090910148135
0.4255706274486165 -0.8690453692542597
0.4213771442222427 -0.8734089794265323
0.42924316452857814 -0.867408424019724
0.4489538191220559 -0.8547607641730564
0.4716907549389183 -0.8454393551735704
0.4922954794988744 -0.8325415290759315
