-0.002968913326467093 -0.003515060416506171
0.015450948168001355 0.012879152804474228
0.02266765950502711 0.013687398736349238
0.09070072285891034 0.06824935474520506
0.09069507413561645 0.06900372905592844
0.09765565086658978 0.04901739239933063
0.07873010019095336 0.06362037383082432
0.08987860029942361 0.0651014783444739
0.07910707823049701 0.05822672710301602
0.10037198935284947 0.08095918686466803
0.1018072853939764 0.07366659754829459
0.0817111358795137 0.05187935046468216
0.13057189785301684 0.08598354220732159
0.10318136843279645 0.08588791869343322
0.1024294983702596 0.07951264556311534
0.11398017531269043 0.08689585694925946
0.11358125153649448 0.08161706807906566
0.11782208394735723 0.07129704562703339
0.09800604963092395 0.08746404027546867
0.11650778370038377 0.08104207949233963
0.09594946598878844 0.06192758965457723
0.08867707484330034 0.07229680434754049
0.10879955469839647 0.06929260738634928
0.08361499955761208 0.051457678819206515
0.09992789672071589 0.05538032424672002
0.20166018930065932 0.10851599687735164
0.3598272589299446 0.13004918425318115
0.3813659133871616 0.21378826397469533
0.6444357622392016 0.2587913884519252
0.5689973762505651 0.3222861017992984
0.8704208020664982 0.3420204502086647
0.7483421762015787 0.3911707976188725
0.6752628869117485 0.41072545305944946
0.8569080774074809 0.4259855941189306
0.7023806209869834 0.44515078011403786
0.8929964610057619 0.37357142220755146
0.6336841474453154 0.3731532942374542
0.7487821517632962 0.3285731915972458
0.5280071803906723 0.2010555880761377
0.41275398569905997 0.0914381983464077
0.3751537124274743 -0.0561253707387146
0.3011168948958839 -0.10624466347611042
0.17474884991646114 -0.0849529333772314
0.4452619038897788 -0.1403188139555842
0.30542653492493504 -0.18102339403591314
0.24969596265026014 -0.22618347114280998
0.2673098218148052 -0.25782901039662354
0.3267647147562196 -0.20194032448601618
0.22260455721983372 -0.13953320975725458
0.532923872373706 -0.05919101518289799
0.49826247739557095 0.0014556166350994104
0.37758689058469225 0.017273128243312397
0.43923787973737455 -0.022216799983624858
0.41795354335289897 -0.06348531646274902
0.18868813488330158 -0.0336886802993247
0.2773245106723111 -0.060735582731377996
0.23341970418468755 -0.11106860348392994
0.2162437506983934 -0.15600519562734208
0.06993030220305688 -0.1435546142648377
0.12743515056113353 -0.12548932962462483
0.23000114097927077 -0.10583782239614992
0.20049578607761265 -0.07047921893919537
0.23498167934828706 -0.0376610265415846
0.28204259199908643 -0.015867546270697336
0.2918012799910545 -0.015325062786422317
0.17832706033870327 -0.026353012783191604
0.16220069166040801 -0.08287662946696817
0.09783620155340042 -0.12872952723722492
0.024631126671357972 -0.18294638772039645
-0.07343086078781758 -0.26707799922709813
-0.16660605767877776 -0.28743425142909107
-0.19153048761990163 -0.28673049744740187
-0.1203418689203204 -0.2806225872110775
-0.12390373288714963 -0.2598507941484115
-0.1017276553371139 -0.2437051046566023
-0.14149372733420745 -0.23258958737516572
-0.0694650602368713 -0.2498794946760301
-0.16407072203050474 -0.2535927299794457
-0.10252939257813619 -0.2923934014407634
-0.17785535962648608 -0.3081038866302584
-0.20802259666369638 -0.31441086183852407
-0.15671912930116833 -0.32688348887335983
-0.18357720840117678 -0.3156051142466784
-0.1936226220137639 -0.2960730228956713
-0.10629162701695143 -0.27679578066494176
-0.13273501647636005 -0.25493337652594195
-0.1433593927904916 -0.24066977850304808
-0.06725492302150073 -0.2487954138363691
-0.12697190998302543 -0.2513729100741957
-0.11441929174955094 -0.26682719009663425
-0.13226717000636015 -0.28214789291024045
-0.1463856046336725 -0.2925445153716052
-0.13497136260371967 -0.29871329232165095
-0.1715600356801574 -0.28936544421465693
-0.14199625158099083 -0.2772728813567424
-0.13083447666947978 -0.26302449876551287
-0.07107991474505637 -0.25703015197295437
-0.15602951448654356 -0.2442476076912935
-0.0989276551150354 -0.24427343443239086
-0.0758004696788005 -0.2598700706356148
-0.12736054477805628 -0.2658978491291867
-0.15604571725930047 -0.2693184613499275
-0.10478501335360099 -0.2878820974096493
-0.1814062782733298 -0.2832610647024153
-0.09938021489239424 -0.2890786496007854
-0.19942450853795643 -0.27555520706939096
-0.08483079268542858 -0.2705526977657356
