-0.006962962826574544 -0.03502906658539143
-0.011116362757489992 0.00019551061626914105
0.07232626430766605 0.10802577879273362
0.2792223234876673 0.3987040794127177
0.5097462598627112 0.672150835529828
0.6812591008737782 0.737648569459702
0.7356431136052165 0.8448437644125113
0.8412252924115862 0.9616390097321996
0.9666449665972222 1.020201567584601
1.0591987686001203 1.2113160520092197
1.2180138781551872 1.296640957910915
1.2531226922366614 1.419073720977419
1.3073610566889138 1.497742727483488
1.4550427292061932 1.5110248445894943
1.4511614373730095 1.5495002565440272
1.4991485210829785 1.6613816519035214
1.613506824706238 1.8046300757419294
1.7513127362671277 1.926997655869879
1.8308794715271548 2.087043311819743
2.0318319605738484 2.1671181607021963
2.089777566694521 2.345827887495357
2.275011280175618 2.623068932293768
2.591410297251769 2.8266283857136925
2.7781887927954645 3.249923253928224
3.1929424387786076 3.4314687713307683
3.2809399206719903 3.8030234202183735
3.726973355697514 3.9066326736338852
3.83128010086548 4.343393370626633
4.238493589833858 4.697933247840316
4.4853755564640325 5.077188368715382
4.927043011066017 5.22952417592545
4.914718622449157 5.506992021709859
5.281215054551484 5.744147109303636
5.738247856479589 6.331649339878041
6.291941685263092 7.082817239435071
6.861950568278115 7.627003083697166
7.497282076553877 7.853071674948463
7.594368219424563 8.517640266058962
8.541653216335481 8.899261180907555
8.882829096849449 9.842368260661162
9.734185442204595 10.417551631282631
10.291486113618367 10.925300683623256
10.808874399481777 11.328315677667321
11.188803223977756 12.091419204680733
12.015947965180613 12.384176053001449
12.089355827230783 13.027435791684361
12.78521289516075 13.353073010093592
13.019081221499755 13.77133702793828
13.634330644876773 13.911765473686058
13.545352055357847 14.275362883784657
13.841799016151027 14.636924443984988
14.441362594843449 14.772915482738336
14.254843243283645 15.165056863515176
14.833597991705776 15.368041033107266
14.949596941807473 15.585787856558657
15.12217737071598 15.824848566526146
15.460669857401955 16.01852064697662
15.629573397807704 16.227856409019235
15.698639509887508 16.46502816259139
16.093485520211782 16.58339735304764
16.001338760346652 16.77974524226628
16.430610964820865 16.899548162848056
16.39179706930186 17.0988511638502
16.531679309941943 17.330128179501394
16.945062947516135 17.492887852729652
16.927119481130795 17.767077971164664
17.16180967250346 18.026897559678105
17.362734824107093 18.254434712200734
17.89427021425333 18.37781752868113
17.65493080622898 18.730144326544572
18.314459924968258 18.934034718356777
18.130943662483165 19.30801589005892
18.93412868638221 19.426843950096075
18.43198450295911 19.794753611269698
19.450832023043212 19.921007015782063
19.079311904977782 20.294081445779632
19.630553370448794 20.552326584492153
19.690417446484197 20.898510566523207
20.55558281379764 21.028274602324732
20.170261093501782 21.392646447292396
21.021536167136038 21.51435600909994
20.493967464237745 21.8714885865791
21.471498918615286 21.987482046584248
20.909137768141 22.35586159898354
21.67731641353159 22.55076465015209
21.763871850692976 22.79859762038984
22.157413479190392 23.01680819701391
22.251093365967233 23.28388628083816
22.41469691110943 23.54905137703854
23.03345925998914 23.677712871056272
22.8202978913872 23.95036182307737
23.05740255565023 24.27431143208933
23.771674524001607 24.43342527709749
23.319936125065286 24.77576970222424
24.304551398341204 24.884910285822126
23.839285871786437 25.158466163168377
24.49679728507991 25.283130107174156
24.16406680018877 25.49272818753924
24.99851264168083 25.57213360198021
24.265991725682717 25.853572908387424
25.39789570354318 25.926632477615716
24.783581740372576 26.169878580117018
25.632310956000598 26.268643554745125
25.018370107383905 26.579178268319634
26.10985795417077 26.68665734281539
25.77869727332602 26.942010403059623
25.700721037602463 27.29226656194303
26.784887206493032 27.40158560665106
26.13491029129419 27.752962984476955
27.19060344500242 27.881205695711127
26.612849664941827 28.19801654057943
27.48885041402758 28.332737765784863
27.101508212910193 28.583281546255346
28.0558108632917 28.66316080203297
27.275231993357217 28.93069977896224
28.058169617929085 29.05503368207109
28.05204553144469 29.183779401282813
28.360183644625018 29.262706176833547
27.980226759263235 29.402320119698597
28.75623748567833 29.447305920147407
27.958174338982605 29.60452865357007
28.95911195819028 29.64271244505522
28.278959227918286 29.77009719260454
29.006330880071886 29.81166451102338
28.664888749741277 29.890380511473122
28.713141664308555 29.981071867574624
29.10524449698155 30.04169684219503
28.76986198789097 30.186410655850167
29.28418835413826 30.298175476022905
29.287038314726384 30.435534276208166
29.21647530273851 30.61737007155419
29.76190890570832 30.727824436816068
29.362800930709117 30.957173850958604
30.399854919214842 31.0275862237797
29.804328821844887 31.230604055385776
30.291383603300645 31.372008113545764
29.840122218915106 31.632897249153196
31.025532058715445 31.70977842094635
30.068578103117343 31.971746213951604
31.36387329758875 32.027958714049134
30.43985221600176 32.251836692239166
31.259586169190754 32.35292374311174
31.512027228316956 32.42066669663622
30.896257692914826 32.572117282835514
31.433886713217934 32.647762770165315
31.538436440387294 32.706514065412
31.873660337426664 32.73883651628482
31.07507097382025 32.86109923576611
31.81205702944004 32.90636400197831
32.046956357474656 32.935019155928245
31.42668026021515 33.02384870744512
31.658332425177278 33.102360149991625
31.750704881794675 33.176556569428406
32.45594428516987 33.192977625353215
31.604065598963487 33.29635644173545
32.19547392231793 33.36293862673124
31.94738981516239 33.47915930137872
32.752869731022216 33.52320843412832
32.27843313721473 33.63792298783544
32.21985878015892 33.77537060798697
32.32591425620435 33.910758042617246
33.166265618280875 33.96448261067537
32.18382191463412 34.160703692359405
33.51550990822901 34.194471412037416
32.32742752963832 34.389989418336555
33.73732055301366 34.42120903197114
32.72773986244419 34.55152180635786
33.90676797107865 34.557413561361926
32.58286828152212 34.634793104942325
33.95191261127652 34.62637167860156
32.76196371671446 34.6840987032303
34.104221280129394 34.67579173803054
33.119791340192734 34.71798685414878
33.190947591855895 34.768612206513765
33.82766956757215 34.78183984065395
33.03496101537645 34.849746089613966
33.67579410762371 34.88297491660217
34.25828330931463 34.891867242019046
32.90513056966307 34.99723651733493
34.35574987668556 34.98827879936074
33.12243607021833 35.046549402620926
34.28715615377966 35.03402042734044
33.22363645322526 35.08696914107025
34.44611145870835 35.098654084858644
33.26470401092381 35.29031960011257
34.58880637590492 35.3453179477003
33.48203555793183 35.55535317340451
34.76566366726375 35.61212845842859
33.83264573327281 35.88910717558826
35.18787424506742 35.97980929173079
34.605643849131916 36.226307454740514
34.80464201066179 36.489957665825614
35.10817236014384 36.741112861996314
36.04613745437239 36.83982062784392
34.90942573178529 37.161164021658244
36.478274267855 37.223436444890574
35.34809612268193 37.46869593061913
36.67650600332659 37.528165182648195
35.66918649004761 37.729807856472746
37.07492868670425 37.76815984175414
35.79574723899155 37.97279485150914
37.03982207977976 38.0190048330817
36.26096716326051 38.13785595555148
36.821209865565166 38.19000976914017
36.85669005100071 38.2466642265084
36.798047173091476 38.316327578023476
36.835658261672656 38.379152309239416
37.47051446257572 38.39368861009258
36.38152430752211 38.492692029950895
37.71126220779444 38.49646875961171
36.676717500412614 38.567214163909256
37.33548736464118 38.59217033612743
36.93498550195774 38.66054125673342
38.02009092736042 38.66705915668278
36.680055859381504 38.78910204386044
37.476128723021816 38.84509503950243
37.233640320442525 38.94483177158687
38.14393155874501 38.975665813685175
37.07624293628515 39.11632683742649
37.541462950496836 39.19283717003829
38.12391669934214 39.22228404039072
37.60366700360702 39.30216634234199
37.71485266415464 39.39029934536964
38.56368860934389 39.419423469284354
36.78080755408182 39.676743168417566
39.045538334408086 39.6870179601944
38.723242903795416 39.71340415727107
38.37463035808798 39.77197393255443
37.53956104654875 39.95054524473065
39.29724530709707 39.97097301143286
38.028144081504074 40.13827547563517
39.06390249136737 40.20052950955985
38.23483187976295 40.37777462601551
39.719267783383586 40.40668942326316
38.25848588575846 40.59526734476468
39.80195051799173 40.61621348344587
38.86855741542207 40.69996939754367
39.4608339854204 40.73257956872102
39.21280275542843 40.779187495855055
39.33166462959538 40.811840337057895
38.67211796540404 40.90370472473458
40.21222370695935 40.905653304636246
39.38103988908028 40.99758002516422
39.19753840676351 41.231705074481894
40.508225033164074 41.343268127921675
39.4287528630521 41.732956273842476
40.929929201792845 41.68653481524378
39.63943354115905 41.712921513029194
40.44542103411898 41.786744255309145
40.77155574035724 41.83352363076634
40.226034111749684 41.912259580848136
40.03558924051086 42.01980834083412
41.31013135698556 42.0358529180158
40.19896109858111 42.14344270694812
41.17995642158323 42.160422250710354
40.42858083503548 42.24007812155551
40.72519599570034 42.29168096465563
41.46909089710317 42.29733670255701
40.77346379334944 42.34107418116869
40.49525388504577 42.4102077705855
41.5661195689503 42.41333933125691
40.664866466945185 42.4778438635187
41.459687825039495 42.49435742381874
40.74907358985472 42.57949886475722
41.60491599382425 42.60517821324961
40.66996770070682 42.733657678300155
42.05375721332794 42.74888701594203
41.34595029889661 42.8240186969389
41.340758118930765 42.913031334458836
41.66706330117016 42.98635674658722
41.33039890587601 43.125821682936596
41.822940205379446 43.21937220221601
42.28331912635221 43.27758244213776
41.56997087463134 43.44589269891183
42.18501897638184 43.535331784695735
42.428508671292576 43.60979573725744
41.97446092356818 43.73967463351855
42.561999737270625 43.79539555403174
42.52358538581532 43.8710544366193
42.97610428757921 43.924851207247286
42.10286747788092 44.1019625511855
42.956668608113304 44.18029086626056
42.93623142670941 44.263536885094624
42.95082431337081 44.33720667981838
42.91220892217139 44.421467464268154
42.943702643172465 44.502807645188874
43.39470861688629 44.51727486596648
43.05750583300214 44.55496382912
43.61373170844403 44.582437359097206
42.7240142462182 44.66728865173954
43.96195081696618 44.65458008787209
42.89593277921733 44.7812513308372
43.60760972803092 44.87553898005773
43.663385971243905 44.955129771746954
43.127678755219115 45.06970204039299
44.402961204936766 45.07801410609011
43.13043195957345 45.18369266354611
44.57012770766241 45.18729368561511
43.5962206210624 45.263441431150795
43.712030521902335 45.3404812888654
44.262634989481064 45.3761424457292
43.7201371695933 45.46135570702614
44.74743344499636 45.475553492408615
44.092754703462475 45.55550280872705
44.23017199002483 45.610877355642955
43.806273441175584 45.63637013298095
44.874495246578476 45.58883216923807
43.401980145541515 45.48032250378653
44.71710971389356 45.38630573438739
43.38845194160259 45.17052751141891
43.688703212578744 44.99530280197525
43.238026005203245 44.83736905042647
44.007478055792824 44.75990387427407
42.84135351639205 44.66975892693091
43.36616636485667 44.58753832377903
43.2037645899539 44.49341745719651
42.73170269135857 44.36846254931972
43.207111611373456 44.25272433605366
42.33358934719853 44.10931470944681
43.30367125995679 44.0283852691867
42.074399121787515 43.92468788048164
42.32618522835997 43.842034550396875
42.59797444643564 43.77624257981027
42.1736285190768 43.72516221829091
42.24172988562422 43.678764741740366
42.25861223700296 43.6288639205659
42.027033972520414 43.56204776897664
42.1711586731436 43.46104899597185
41.9743866672116 43.31320469703731
41.86829001111905 43.138320521213345
41.53789372227324 42.931912178272434
41.14144276796929 42.66261622856372
41.12267857414169 42.35173196383376
41.13974775199767 42.04157006194884
39.92687739144189 41.447039380191825
39.173243711661414 40.75054437193032
39.776496715258986 40.392899732288576
37.32884515539494 39.318692803345975
38.522553698694615 39.02161248447854
36.6646257837296 38.281401971662376
37.21842994105978 37.938436661050346
35.8620685898943 37.386831411217656
35.897906443696414 37.00685922459283
35.665520969705284 36.671185866357504
35.33692261672016 36.347806920096836
34.669938418769675 36.00331538707554
35.3877351554816 35.886250272490294
33.9916054134664 35.60432161834861
34.912469493733994 35.47793145611642
33.702727227866134 35.27734001649974
34.2546161986889 35.1907348745284
34.040191441664604 35.146078041712926
33.833563905895474 35.13448150982
34.44423876056632 35.11386207170344
33.88741566610245 35.119885855575966
33.71478748270437 35.20941360565274
34.343384069780406 35.362360176995615
33.967169299720915 35.832691284296196
34.54737931314481 36.29525173588669
35.63354406412467 36.49598873413302
34.75478362892609 37.15542900337168
36.488239495984104 37.37943978620961
35.777947675649195 37.89538095868373
36.9690995687699 38.09010983546283
36.620180284775216 38.25913823066373
36.26476183587058 38.356761791734385
37.63803612419089 38.33577796468275
35.975956580432815 38.36957482471546
37.14559213703068 38.33121479843474
37.00607752283518 38.23956117894049
36.15755932826283 38.09789819119544
36.21571891297512 37.97220606581273
35.979794809848215 37.85398964721307
37.06530490417203 37.79357855675678
35.51785738701523 37.75592781104576
36.47481557997392 37.715768660663414
36.213354677650855 37.66848828913036
35.44961245327274 37.642522792570546
36.37084498302637 37.60247159166147
35.71532514129834 37.58444376886283
35.75503072804802 37.57030161829619
36.67796519857061 37.54441473813026
35.15359138201928 37.59184062923154
36.596919209917836 37.58247877422764
35.56352483276199 37.632046859287215
36.54778570730086 37.587092793557915
35.477283879470924 37.513090558960855
36.448492897797024 37.433073879268264
35.42406383215739 37.35729050112085
35.45803017057555 37.30518071666901
35.49252277832357 37.20612454930868
36.156061071065245 37.13741532257211
35.4110358009248 37.10793098389126
34.47084327940998 37.16761581872179
36.48386276451672 37.144133662019335
35.13502911615161 37.18870890394386
36.46183106983714 37.191955857547654
34.87969604140437 37.35878332275773
36.54511173836166 37.39109543057649
35.18940959725123 37.54841213164051
36.103619420661964 37.582956049558746
36.72054569482298 37.5806670217625
35.301239684993156 37.712133875795665
36.888713295950545 37.733319084401046
35.63235856044061 37.87887817739113
36.50234712419203 37.95841531392175
36.58920938913963 38.04143285222797
36.61667161800968 38.10803019433976
36.78659473084663 38.15372350527446
36.410970412378184 38.228741448452084
36.92388139339803 38.27370294192555
36.996381778716994 38.33246429020546
36.591947722676714 38.393180488544814
37.09806409038092 38.3811239810323
36.95546223733406 38.36646413979885
36.644715145790734 38.30880412119042
37.04506186228311 38.209777051597506
36.36725507627982 38.076901471559296
37.17265250713838 37.973430172359464
36.15923002041486 37.769432247971594
35.83716741744985 37.53249855028991
36.69946891472485 37.39788287730412
35.30701124434136 37.09304979446276
35.683904844805 36.78789681005237
34.824655197118716 36.29046025605592
34.94945403214909 35.922026657550894
33.86272557558015 35.40959791580372
34.545667716745236 35.182458627721786
32.95943719887655 34.67068353461665
33.303487968275185 34.327555390157
32.65971087685253 33.93010166217829
32.24288642248494 33.559504360385674
32.32270139293692 33.29000905331344
32.074729656610074 33.03363030592702
31.444321071552285 32.73735419916166
31.05385891195878 32.4465893292718
30.996432445438938 32.206300205004936
31.135058689945 32.02827080911452
30.19760107949377 31.7731854659536
30.379738013780813 31.571192039985984
30.16289324360444 31.366652617146315
30.036488059415525 31.17083251695178
29.652456654653957 30.961583704297297
29.680539548264434 30.774445915574017
29.767236576649893 30.619970654098093
29.08110403239851 30.401967110547574
28.69055522090167 30.17145926184775
29.401966539992962 30.045252121998775
28.050449000267914 29.79544056309853
28.619372064209973 29.624714233571055
28.295854055791686 29.457992216669854
28.186461513021516 29.297762394036695
28.23098957275478 29.154246356786718
27.753196464552968 28.98059390239672
27.247848934376623 28.82227908205367
27.991808391820886 28.71861003157012
27.482094553773706 28.580463648546726
27.04080528201992 28.433034580989666
26.99447756495836 28.28009019883408
27.21681817705178 28.16548254261888
26.625444401543987 28.033335308846507
27.400331409790297 27.962049742480968
26.629639128316175 27.83828468316596
26.10964515705181 27.69557699191191
27.131806476234853 27.619627786186218
25.99724840991032 27.442475607812643
26.17711904044614 27.290508445749616
26.138263393591078 27.14438065430579
26.167918120163307 27.01397826515599
25.79213447027016 26.869811623206303
25.66431919299201 26.732703765970204
25.375832829413632 26.59794579737482
25.44997334950722 26.477244183923542
25.642789773736624 26.380434602488272
24.924378398381794 26.246071715671487
25.430377321443913 26.14489003311149
24.67715018728769 25.985429621545563
25.3811851119657 25.895604240786383
24.22563621256879 25.699859235989706
24.958529767683917 25.588128121751534
24.230629382241194 25.41494886743269
24.546351315318233 25.29323862438255
24.00062570426034 25.141902780328685
23.90268562494357 25.00481920573932
24.41512290086638 24.92968126431987
23.09380952216587 24.798998904895
24.354669980092275 24.744829420463102
23.519688120312743 24.63877259182083
23.903224420292883 24.55857556224322
23.369581473490964 24.44301090031698
23.04525646874297 24.31949583498449
23.690738729903085 24.242792443650135
23.027804162987138 24.112374642285427
23.062502025993275 23.988207440317257
22.553468819330867 23.84414057076118
22.95474017038117 23.739638008408324
22.486525199891503 23.609405130999253
23.0039233693182 23.527150075907507
22.010295440315268 23.37362942027137
22.793200115215853 23.29033443173327
21.8343701315949 23.12300899141475
22.37104298836612 23.01618541727189
21.640943320578675 22.844908072282486
22.27098673865235 22.754940929865917
21.30828647453694 22.57947210154309
21.957946388615373 22.487487657836937
21.148041970468007 22.336210494342698
21.561659564690576 22.231502454257054
21.29617449868077 22.113411683521477
21.185517703286045 22.0005192860033
20.646215044792 21.85565820322921
21.189778279454554 21.76254433304253
20.532778360863567 21.61632901003583
20.89415554552657 21.512520366589342
20.28043133544767 21.365391973447956
20.514135223076135 21.2521119796518
20.30140840878562 21.1296443580508
20.371445170976315 21.026198253446204
19.764779267292013 20.890275272202143
19.820601863708184 20.77352591805267
20.258377786630966 20.70509992122965
19.691136018864995 20.58966289973176
19.302882047573053 20.45849445134383
19.94686574673565 20.387936536313788
19.169976943155067 20.25372624037555
19.3099636454007 20.13739646430681
19.24599326238992 20.020022868771083
19.175630745357957 19.904838301021243
18.830555086438686 19.773278233228265
19.24332537077769 19.695152973333666
18.660194488987354 19.56505641038699
18.435100601596105 19.431067857248337
18.934019783651276 19.357090948529876
18.102496526179742 19.211364871692282
18.347885786961754 19.095211236197855
18.231706750999464 18.97812718378866
18.11159636681721 18.862008153018778
17.907847462816523 18.747774306054346
17.971694413102668 18.65556265814988
17.793992487119777 18.563384278796942
17.60892716469358 18.469567489222552
17.762278957288586 18.391294346173332
17.527437201730493 18.304484685823645
17.539020699211274 18.226286393578413
17.22894454738764 18.13070933753631
17.37188857274329 18.0486239602669
17.053881357229628 17.949890975337297
17.439126437029945 17.887230577920537
16.793948101849743 17.795736321036465
16.853692900514737 17.71698073344122
17.21956143708547 17.667494033278388
16.81914250740659 17.600104457389268
16.459055798137758 17.533898811659693
17.03857175951504 17.48869197899509
16.587995568482878 17.42515792288463
16.354486678188184 17.359755224778347
16.91919618229151 17.31609504938152
16.232476366758355 17.23677804218517
16.411070915638618 17.16353380292081
16.34654242380598 17.09203186739655
16.345899211408923 17.02346774044117
16.283232845166864 16.94920436193446
16.039726028733973 16.861389588685654
16.286307596927962 16.795470467511933
15.803679129050032 16.707424791486503
15.67435362978051 16.63665755861044
16.20946765341917 16.59765615670701
15.431931234256005 16.54387898684245
16.104005495154198 16.50304182369275
15.370858378633688 16.434720429653797
15.686050499930893 16.37327378057292
15.571048037562955 16.306959287277095
15.719277979794894 16.249868954352834
15.133317346713032 16.17558544254795
15.662940767793613 16.126091987503802
15.039650131605914 16.05675112380771
15.440469794853628 16.002984441177766
15.029120611976284 15.940691940105852
15.207408255725015 15.887772527269979
14.963195001712972 15.835006827756144
15.2325291938667 15.792425436287163
14.887139188491277 15.747337879590187
14.861803383890859 15.701371023500906
15.258505374042272 15.667098504825102
14.621369297504202 15.619603562069825
15.005498607317307 15.575121108705446
14.568763764526235 15.513227573595142
15.026322910101682 15.466960103422064
14.30498796135519 15.405317466217541
14.966625840475363 15.365724435009854
14.329819248986148 15.309083121544433
14.479368003923103 15.256914227953105
14.53527191776878 15.20953589043593
14.671488408941967 15.167841235560285
14.004457876748642 15.116313108242526
14.685007427433895 15.07844223666934
14.02375863849591 15.018044226568383
14.186803326918751 14.956210251474833
14.513377078042446 14.912553500342693
13.793045511773537 14.84036080638666
14.044495252931123 14.769696326509699
14.009930651115939 14.700249478999911
14.206824709495715 14.648065020279374
13.639038538113828 14.574903334681672
13.659668289749947 14.508133366341372
14.066433777553177 14.461077619737939
13.30960984779792 14.38936455692703
13.702580964188494 14.332319070307214
13.74996719149014 14.276152014768108
13.186724742515386 14.199564885582475
13.531821523410564 14.137701194241712
13.279969856429009 14.063308275215528
13.211601080701207 13.988587120526084
13.509581484971424 13.934400146242906
12.885184319861493 13.846391328012437
13.252160288205097 13.781713649874078
13.05749763530564 13.710441912123734
12.744468866224752 13.634915426791105
13.06617070727261 13.580081763827113
12.80779754480552 13.51187169301146
12.640672955511167 13.438719690387344
12.805158254765004 13.37495484802865
12.68384777855497 13.307720887833346
12.183435015191135 13.215184051083279
12.836703112737265 13.161436342112648
12.621567501842167 13.080443518459333
12.122176524524681 12.950930867642576
12.391157120720614 12.854029458909519
11.935994709393606 12.703724563096772
12.317546954245843 12.62590333090104
11.565993175412403 12.451184186922282
12.101345464489675 12.377937253720601
11.633386546753396 12.22887067895529
11.263210028052082 12.048812040092017
11.689307256264037 11.97204487454342
11.026720205836986 11.794535759978679
11.475928898892672 11.715451554084497
10.76504085644987 11.50214380372582
11.151118800007962 11.403805443266679
10.745865144170038 11.220798040734993
10.548321047492195 11.020063690314132
10.303691952517044 10.797574293500059
10.477041205343594 10.68475226053516
9.947081271877414 10.434876696440083
9.815875703952795 10.209507970167405
9.917177424234694 10.085363836713059
9.213313600665757 9.717755187495243
9.34091857397622 9.53476862050607
9.17595776058875 9.342792086708386
8.643169145620737 8.959085992439027
8.696533148932094 8.800801629011804
8.211711172860799 8.434922162574608
7.962380964570756 8.122893659037892
7.769510752566387 7.872454337748917
7.4486282989085675 7.541547661994464
7.101423639042292 7.207982501685598
6.93877312580716 6.997671842343982
6.467762144069883 6.589165435701612
6.0010147818610955 6.161144245599434
5.950941629700531 6.014531279441715
5.552120024773323 5.743940878836566
5.524908707685335 5.625534706727143
5.298869113170943 5.467290763803148
5.054563261216622 5.285704048474456
5.130052650239634 5.215948260195323
4.839989890105815 5.074006370439048
4.903075844180903 5.01442828527346
4.682393382949402 4.8817420089928305
